x <- c(21,45,56,90,100,12)
x
x[c(1,3)]
x[c(3:6)]
v <- c(5,6)
v
x[v]

x[-1]
x[-1:-4] 
x_1 <- x[1:3]
x_1